1	28
1	188
1	2
1	36
1	57
1	46
1	107
1	117
1	90
1	63
1	20
1	61
1	152
1	162
10	156
10	135
10	113
10	159
10	118
10	34
10	60
10	40
10	190
10	86
10	193
10	195
10	176
10	167
10	29
10	144
10	8
10	188
10	147
10	146
10	104
10	126
10	128
10	65
10	22
10	88
10	67
10	24
10	69
10	27
10	120
100	117
100	135
100	159
100	154
100	131
100	199
100	85
100	63
100	181
100	22
100	147
100	124
100	59
100	165
100	92
100	194
100	171
100	50
100	72
100	196
100	73
100	11
101	8
101	95
101	96
101	78
101	175
101	174
101	178
101	190
101	172
101	194
101	28
101	60
101	83
101	128
101	62
101	63
101	141
101	102
101	200
102	148
102	7
102	185
102	141
102	25
102	101
102	188
102	147
102	124
102	63
102	46
102	23
102	119
102	196
102	36
102	178
102	31
102	180
102	54
102	98
102	161
102	183
102	91
102	93
103	6
103	15
103	166
103	143
103	164
103	78
103	77
103	99
103	58
103	183
103	90
103	41
103	157
103	113
103	23
103	174
103	47
103	194
103	80
103	159
104	155
104	5
104	196
104	2
104	25
104	69
104	46
104	181
104	84
104	123
104	18
104	16
104	39
104	54
104	10
104	11
104	96
104	191
105	2
105	9
105	131
105	78
105	34
105	31
105	75
105	176
105	98
105	15
105	195
105	91
105	51
105	178
105	95
105	159
105	190
105	191
105	121
105	165
105	87
105	65
105	160
105	69
105	149
105	107
105	40
105	85
106	2
106	3
106	6
106	89
106	68
106	87
106	27
106	28
106	64
106	171
106	135
106	199
106	155
106	111
106	57
106	32
106	99
106	14
107	1
107	4
107	55
107	39
107	163
107	16
107	187
107	121
107	50
107	8
107	54
107	97
107	52
107	105
107	118
107	47
107	88
107	193
107	194
107	28
107	198
107	155
107	178
107	136
107	20
107	84
108	48
108	120
108	28
108	185
108	64
108	80
108	113
108	18
108	16
108	51
108	72
108	192
108	75
109	157
109	174
109	130
109	176
109	32
109	12
109	138
109	118
109	95
109	145
109	90
109	147
109	163
109	142
109	165
109	161
109	68
109	27
109	86
109	21
11	23
11	139
11	137
11	46
11	114
11	27
11	111
11	132
11	92
11	131
11	152
11	93
11	52
11	191
11	31
11	33
11	148
11	57
11	100
11	39
11	61
11	83
11	63
110	146
110	168
110	126
110	97
110	31
110	73
110	37
110	15
110	13
110	55
110	151
110	176
110	139
110	65
110	27
110	180
110	164
111	22
111	63
111	83
111	29
111	187
111	200
111	124
111	106
111	128
111	55
111	11
111	30
111	53
111	50
111	71
111	39
111	17
111	14
111	113
111	117
112	192
112	190
112	97
112	74
112	52
112	37
112	128
112	167
112	162
112	29
112	28
112	177
112	175
113	80
113	111
113	157
113	158
113	41
113	40
113	160
113	27
113	108
113	6
113	103
113	54
113	10
113	73
113	191
113	16
114	53
114	54
114	11
114	12
114	182
114	130
114	65
114	21
114	23
114	8
114	185
114	28
114	167
115	168
115	41
115	20
115	86
115	21
115	22
115	182
115	141
115	186
115	164
115	121
115	145
115	123
115	192
115	27
115	136
115	55
115	77
115	57
115	36
115	171
115	173
115	2
116	55
116	57
116	13
116	71
116	162
116	125
116	146
116	42
116	89
116	66
116	7
116	25
116	60
116	177
116	198
116	194
116	171
116	113
116	134
116	156
117	22
117	193
117	80
117	138
117	156
117	84
117	62
117	111
117	155
117	157
117	1
117	98
117	57
117	13
117	183
117	182
117	127
117	92
117	51
117	100
117	96
118	119
118	38
118	10
118	76
118	192
118	197
118	130
118	195
118	157
118	159
118	89
118	109
118	25
118	107
118	181
118	185
118	146
118	168
118	149
119	120
119	125
119	146
119	102
119	85
119	64
119	90
119	91
119	35
119	79
119	196
119	151
119	178
119	177
119	54
119	53
119	118
12	79
12	13
12	78
12	83
12	86
12	85
12	109
12	149
12	123
12	5
12	69
12	49
12	94
12	72
12	114
120	39
120	10
120	98
120	175
120	131
120	152
120	174
120	193
120	147
120	123
120	122
120	50
120	70
120	108
120	71
120	67
120	142
120	185
120	182
120	179
120	178
120	82
120	119
121	115
121	66
121	22
121	133
121	154
121	179
121	156
121	84
121	164
121	160
121	60
121	83
121	105
121	122
121	78
121	187
121	35
121	200
121	107
121	74
121	98
121	174
121	76
122	38
122	35
122	56
122	36
122	4
122	155
122	158
122	157
122	46
122	45
122	47
122	25
122	190
122	195
122	145
122	165
122	121
122	142
122	120
122	22
122	88
123	120
123	28
123	9
123	145
123	104
123	61
123	83
123	195
123	174
123	135
123	134
123	115
123	12
123	33
123	160
123	93
123	183
124	18
124	14
124	168
124	102
124	167
124	100
124	71
124	99
124	49
124	48
124	134
124	111
124	176
124	175
124	196
124	151
124	60
124	160
124	89
124	21
124	88
125	190
125	192
125	82
125	168
125	200
125	142
125	63
125	18
125	59
125	119
125	94
125	116
125	133
125	57
125	77
125	157
125	195
125	131
126	18
126	199
126	177
126	110
126	198
126	197
126	15
126	36
126	57
126	10
126	96
126	187
126	61
126	170
126	67
127	5
127	82
127	117
127	80
127	46
127	67
127	175
127	153
127	22
127	174
127	42
127	154
127	18
127	52
127	96
127	145
127	38
127	15
127	57
127	13
127	163
127	32
127	97
127	143
128	101
128	145
128	4
128	146
128	183
128	184
128	162
128	163
128	143
128	10
128	91
128	92
128	74
128	111
128	133
128	177
128	178
128	134
128	112
128	137
128	195
128	176
128	22
128	45
128	61
129	4
129	89
129	80
129	62
129	34
129	131
129	56
129	79
129	151
129	59
129	39
129	51
13	127
13	163
13	168
13	167
13	74
13	52
13	77
13	12
13	161
13	53
13	31
13	32
13	98
13	116
13	15
13	132
13	152
13	159
13	134
13	191
13	85
13	22
13	44
13	20
13	86
13	192
130	118
130	62
130	178
130	114
130	82
130	88
130	86
130	161
130	29
130	109
130	149
130	90
130	94
130	198
130	97
130	38
130	172
130	39
130	191
131	120
131	93
131	71
131	96
131	75
131	97
131	78
131	35
131	11
131	18
131	177
131	138
131	170
131	3
131	61
131	44
131	88
131	125
131	100
131	29
131	166
131	129
132	83
132	167
132	189
132	80
132	24
132	23
132	197
132	9
132	198
132	133
132	179
132	158
132	4
132	95
132	13
132	11
132	17
132	185
133	91
133	94
133	71
133	76
133	98
133	125
133	56
133	121
133	128
133	9
133	5
133	24
133	179
133	156
133	132
134	112
134	86
134	45
134	116
134	25
134	69
134	180
134	123
134	145
134	124
134	146
134	7
134	164
134	75
134	128
134	13
134	14
134	16
134	151
135	71
135	10
135	99
135	96
135	74
135	97
135	181
135	151
135	136
135	156
135	43
135	65
135	68
135	61
135	171
135	192
135	165
135	146
135	100
135	123
135	106
136	162
136	187
136	89
136	45
136	22
136	107
136	84
136	40
136	87
136	64
136	170
136	194
136	151
136	173
136	175
136	90
136	135
136	77
136	115
136	97
136	15
137	128
137	50
137	148
137	166
137	78
137	53
137	163
137	96
137	11
137	33
137	76
137	161
137	170
137	18
137	117
137	178
137	156
137	42
137	64
137	171
138	24
138	109
138	64
138	86
138	21
138	145
138	168
138	163
138	185
138	164
138	160
138	51
138	52
138	93
138	180
138	50
138	90
138	117
138	158
138	152
138	196
138	131
138	193
138	151
139	97
139	75
139	90
139	16
139	150
139	39
139	193
139	192
139	198
139	110
139	76
139	83
139	7
139	69
139	45
139	88
14	191
14	150
14	171
14	38
14	15
14	64
14	23
14	24
14	65
14	22
14	198
14	134
14	111
14	179
14	180
14	48
14	75
14	106
14	56
14	54
14	162
14	124
140	81
140	83
140	178
140	52
140	97
140	17
140	162
140	70
140	143
141	76
141	56
141	102
141	101
141	175
141	174
141	194
141	20
141	66
141	44
141	27
141	115
141	156
141	187
141	186
141	184
141	160
141	180
141	84
142	66
142	122
142	86
142	125
142	99
142	98
142	120
142	37
142	39
142	72
143	16
143	154
143	176
143	180
143	140
143	92
143	97
143	89
143	48
143	29
143	146
143	128
143	127
143	103
143	169
143	151
143	21
143	87
144	25
144	26
144	45
144	46
144	5
144	154
144	153
144	197
144	81
144	199
144	177
144	87
144	179
144	66
144	157
144	20
144	59
144	56
144	192
144	196
144	151
144	51
144	189
144	70
144	98
144	169
144	10
144	97
145	16
145	9
145	123
145	122
145	39
145	109
145	4
145	128
145	127
145	91
145	92
145	52
145	77
145	115
145	157
145	24
145	177
145	199
145	175
145	28
145	138
145	183
145	44
145	67
145	86
146	25
146	47
146	200
146	189
146	187
146	143
146	186
146	64
146	20
146	40
146	46
146	148
146	44
146	128
146	180
146	134
146	135
146	110
146	119
146	116
146	118
146	10
147	175
147	38
147	156
147	177
147	9
147	10
147	30
147	96
147	73
147	36
147	180
147	77
147	120
147	102
147	100
147	188
147	149
147	109
147	81
147	21
147	45
148	27
148	62
148	151
148	45
148	137
148	63
148	20
148	86
148	87
148	43
148	39
148	170
148	187
148	146
148	57
148	98
148	11
149	118
149	95
149	74
149	90
149	58
149	130
149	171
149	12
149	82
149	61
149	62
149	105
149	46
149	162
149	21
149	182
15	198
15	110
15	29
15	136
15	30
15	95
15	14
15	13
15	77
15	162
15	39
15	17
15	16
15	105
15	127
15	5
15	126
15	103
15	46
15	24
15	89
15	66
15	61
15	80
150	171
150	25
150	86
150	194
150	43
150	80
150	166
150	7
150	14
150	5
150	167
150	161
150	8
150	91
150	158
150	139
151	138
151	158
151	136
151	135
151	119
151	59
151	95
151	71
151	180
151	143
151	148
151	124
151	129
151	69
151	46
151	88
151	41
151	7
151	61
151	60
151	173
151	134
151	110
151	175
152	184
152	21
152	86
152	186
152	120
152	83
152	179
152	1
152	138
152	190
152	191
152	59
152	4
152	13
152	34
152	9
152	55
152	33
152	11
152	174
152	75
153	144
153	169
153	127
153	41
153	43
153	46
153	68
153	47
153	192
153	173
153	116
153	72
153	52
153	79
153	37
153	182
154	127
154	30
154	121
154	143
154	165
154	144
154	100
154	76
154	196
154	174
154	18
154	80
154	89
154	49
155	40
155	41
155	45
155	69
155	106
155	107
155	168
155	104
155	122
155	4
155	117
155	198
156	116
156	117
156	94
156	133
156	30
156	98
156	10
156	75
156	137
156	159
156	34
156	135
156	80
156	121
156	61
156	141
156	185
156	84
156	147
156	24
156	195
157	181
157	64
157	117
157	118
157	49
157	113
157	31
157	74
157	99
157	57
157	17
157	18
157	109
157	186
157	166
157	144
157	122
157	189
157	145
157	125
157	103
158	189
158	122
158	93
158	97
158	33
158	39
158	19
158	192
158	113
158	132
158	199
158	172
158	150
158	151
158	87
158	138
158	47
158	23
158	67
159	84
159	43
159	63
159	20
159	69
159	26
159	100
159	185
159	103
159	105
159	5
159	98
159	10
159	99
159	156
159	196
159	118
16	143
16	88
16	186
16	87
16	189
16	145
16	42
16	167
16	85
16	41
16	183
16	107
16	108
16	84
16	104
16	29
16	134
16	15
16	194
16	173
16	139
16	113
16	50
16	179
160	138
160	121
160	141
160	124
160	123
160	78
160	34
160	50
160	53
160	82
160	105
160	196
160	113
160	3
160	199
160	87
160	190
160	172
161	80
161	186
161	102
161	8
161	45
161	137
161	41
161	84
161	150
161	130
161	179
161	192
161	13
161	54
161	109
162	71
162	128
162	149
162	5
162	18
162	112
162	15
162	58
162	14
162	116
162	136
162	1
162	200
162	89
162	167
162	189
162	140
162	88
162	87
163	61
163	4
163	193
163	7
163	194
163	128
163	127
163	107
163	48
163	49
163	109
163	21
163	52
163	50
163	164
163	185
163	183
163	138
163	137
163	13
163	35
163	36
163	58
163	33
164	30
164	94
164	134
164	138
164	115
164	7
164	18
164	17
164	181
164	121
164	57
164	54
164	163
164	55
164	85
164	64
164	61
164	84
164	188
164	29
164	49
164	193
164	110
164	87
165	85
165	181
165	7
165	154
165	135
165	22
165	94
165	72
165	93
165	122
165	100
165	167
165	105
165	109
166	183
166	92
166	4
166	137
166	157
166	131
166	173
166	150
166	41
166	103
166	25
166	45
167	23
167	9
167	124
167	150
167	78
167	10
167	112
167	114
167	175
167	174
167	132
167	162
167	183
167	16
167	13
168	190
168	170
168	4
168	31
168	125
168	99
168	124
168	34
168	13
168	183
168	180
168	118
168	138
168	115
168	110
168	61
168	41
168	87
168	23
168	155
169	9
169	153
169	3
169	177
169	198
169	67
169	184
169	144
169	143
169	90
169	91
169	93
169	192
169	72
169	51
169	95
169	96
169	75
169	97
169	76
169	56
17	140
17	187
17	164
17	54
17	15
17	79
17	111
17	132
17	157
17	3
17	89
17	22
17	88
17	47
170	126
170	148
170	168
170	57
170	189
170	184
170	30
170	92
170	70
170	115
170	137
170	136
170	24
170	46
170	131
170	84
170	195
170	41
170	85
170	61
170	67
170	20
171	48
171	29
171	42
171	84
171	149
171	68
171	106
171	43
171	135
171	174
171	80
171	172
171	150
171	14
171	18
171	52
171	116
171	115
171	137
171	100
171	185
172	130
172	171
172	35
172	57
172	78
172	55
172	90
172	50
172	94
172	184
172	26
172	101
172	165
172	65
172	25
172	160
172	89
172	60
172	158
173	29
173	136
173	67
173	115
173	87
173	44
173	81
173	2
173	166
173	181
173	16
173	8
173	57
173	50
173	195
173	151
174	18
174	19
174	58
174	121
174	120
174	76
174	181
174	71
174	52
174	91
174	24
174	68
174	154
174	26
174	152
174	193
174	88
174	192
174	62
174	127
174	167
174	101
174	123
174	109
175	127
175	124
175	147
175	167
175	145
175	101
175	69
175	63
175	151
175	136
175	112
175	58
175	76
175	34
175	73
175	71
175	120
175	187
175	141
176	34
176	35
176	193
176	52
176	105
176	54
176	76
176	10
176	97
176	128
176	143
176	50
176	124
176	109
176	46
176	62
176	110
176	198
177	112
177	131
177	198
177	116
177	119
177	28
177	67
177	87
177	20
177	81
177	60
177	82
177	144
177	145
177	126
177	169
177	147
177	4
177	128
177	192
177	195
178	181
178	16
178	36
178	140
178	99
178	130
178	197
178	34
178	31
178	198
178	71
178	137
178	70
178	119
178	49
178	193
178	44
178	120
178	187
178	101
178	40
178	102
178	105
178	128
178	107
179	161
179	49
179	28
179	26
179	48
179	87
179	20
179	64
179	61
179	133
179	198
179	132
179	152
179	3
179	16
179	14
179	34
179	78
179	30
179	144
179	120
179	121
18	108
18	194
18	171
18	174
18	154
18	23
18	131
18	9
18	199
18	84
18	85
18	157
18	80
18	137
18	6
18	162
18	164
18	51
18	125
18	124
18	127
18	91
18	126
180	151
180	138
180	197
180	110
180	8
180	134
180	46
180	48
180	27
180	21
180	88
180	141
180	102
180	146
180	168
180	147
180	143
180	14
180	50
180	51
180	32
180	55
181	118
181	91
181	57
181	165
181	100
181	164
181	73
181	104
181	80
181	2
181	68
181	4
181	48
181	194
181	173
181	177
181	174
181	21
181	178
181	157
181	135
182	183
182	120
182	48
182	115
182	25
182	117
182	83
182	153
182	114
182	149
182	4
182	50
182	96
182	99
183	167
183	145
183	123
183	168
183	102
183	166
183	185
183	163
183	182
183	16
183	73
183	99
183	196
183	64
183	84
183	128
183	25
183	103
184	80
184	128
184	169
184	126
184	111
184	27
184	193
184	172
184	152
184	65
184	170
184	89
184	46
184	72
184	187
184	19
184	141
184	52
185	90
185	192
185	171
185	132
185	93
185	6
185	34
185	76
185	102
185	108
185	183
185	163
185	60
185	120
185	114
185	159
185	156
185	87
185	118
185	138
186	9
186	61
186	157
186	115
186	4
186	161
186	46
186	66
186	88
186	26
186	47
186	31
186	146
186	191
186	152
186	79
186	16
186	190
187	141
187	184
187	136
187	178
187	111
187	17
187	34
187	79
187	85
187	64
187	42
187	175
187	126
187	148
187	146
187	189
187	200
187	121
187	48
187	26
187	49
187	27
187	28
187	25
187	107
188	147
188	63
188	102
188	164
188	83
188	1
188	89
188	76
188	10
188	71
188	79
189	98
189	54
189	53
189	75
189	170
189	188
189	187
189	146
189	79
189	38
189	16
189	21
189	86
189	22
189	60
189	62
189	162
189	132
189	158
189	157
189	48
19	158
19	8
19	174
19	50
19	2
19	27
19	22
19	46
19	85
19	184
19	20
19	87
190	43
190	40
190	84
190	82
190	80
190	122
190	168
190	101
190	125
190	105
190	160
190	186
190	10
190	32
190	39
190	35
190	112
190	152
191	77
191	11
191	72
191	105
191	104
191	14
191	13
191	186
191	152
191	130
191	66
191	193
191	81
191	113
191	45
192	88
192	108
192	60
192	49
192	3
192	5
192	135
192	112
192	158
192	153
192	174
192	199
192	177
192	75
192	139
192	73
192	118
192	36
192	9
192	13
192	8
192	161
192	169
192	125
192	185
192	144
193	194
193	191
193	176
193	74
193	174
193	10
193	178
193	107
193	3
193	93
193	83
193	164
193	120
193	163
193	41
193	184
193	86
193	87
193	21
193	66
193	8
193	89
193	68
193	7
193	139
193	117
193	138
194	136
194	28
194	116
194	42
194	67
194	46
194	80
194	61
194	181
194	163
194	141
194	100
194	101
194	103
194	16
194	18
194	107
194	97
194	57
194	70
194	193
194	94
194	150
195	118
195	10
195	54
195	34
195	123
195	2
195	92
195	66
195	128
195	105
195	3
195	125
195	156
195	177
195	81
195	173
195	84
195	170
196	28
196	100
196	144
196	160
196	183
196	65
196	66
196	44
196	41
196	138
196	119
196	159
196	198
196	154
196	9
196	78
196	8
196	5
196	91
196	124
196	102
196	104
197	78
197	144
197	126
197	91
197	52
197	132
197	45
197	178
197	118
197	28
197	26
197	180
197	42
197	86
197	83
198	130
198	196
198	48
198	107
198	64
198	85
198	200
198	169
198	126
198	9
198	35
198	14
198	99
198	15
198	2
198	73
198	178
198	179
198	132
198	176
198	155
198	177
198	116
198	139
199	18
199	158
199	38
199	160
199	98
199	53
199	106
199	69
199	144
199	100
199	145
199	126
199	84
199	191
199	192
2	19
2	1
2	106
2	105
2	104
2	173
2	78
2	75
2	96
2	47
2	115
2	198
2	181
2	87
2	64
2	82
20	144
20	141
20	80
20	15
20	107
20	79
20	13
20	36
20	34
20	148
20	146
20	1
20	19
20	177
20	170
20	48
20	47
20	25
20	115
20	159
20	179
200	50
200	96
200	187
200	121
200	125
200	146
200	167
200	101
200	35
200	59
200	82
200	41
200	162
200	111
200	198
200	29
200	25
21	149
21	189
21	124
21	147
21	93
21	109
21	88
21	163
21	143
21	180
21	181
21	115
21	138
21	114
21	42
21	83
21	58
21	152
21	193
22	65
22	86
22	61
22	17
22	111
22	14
22	36
22	13
22	117
22	136
22	115
22	19
22	90
22	10
22	51
22	91
22	189
22	121
22	165
22	122
22	100
22	149
22	127
22	25
22	128
23	132
23	72
23	73
23	114
23	158
23	11
23	168
23	102
23	103
23	65
23	14
23	59
23	18
24	3
24	138
24	156
24	132
24	133
24	174
24	170
24	14
24	15
24	94
24	52
24	96
24	10
24	145
24	49
25	95
25	31
25	182
25	183
25	57
25	78
25	8
25	104
25	122
25	26
25	166
25	144
25	200
25	146
25	102
25	187
25	84
25	20
25	42
25	150
25	172
25	22
25	43
25	65
25	60
25	116
25	118
25	134
25	58
26	3
26	62
26	87
26	89
26	66
26	69
26	25
26	68
26	186
26	9
26	80
26	61
26	187
26	144
26	37
26	159
26	174
26	197
26	90
26	172
26	179
26	49
26	29
27	10
27	76
27	11
27	36
27	57
27	90
27	91
27	94
27	6
27	113
27	115
27	110
27	87
27	66
27	86
27	69
27	180
27	148
27	106
27	109
27	19
27	184
27	141
27	187
28	1
28	177
28	196
28	197
28	87
28	194
28	81
28	7
28	114
28	63
28	112
28	179
28	39
28	79
28	107
28	108
28	92
28	106
28	123
28	145
28	101
29	35
29	10
29	16
29	58
29	15
29	92
29	71
29	30
29	164
29	143
29	68
29	26
29	64
29	84
29	173
29	130
29	131
29	171
29	111
29	112
3	193
3	26
3	106
3	24
3	67
3	169
3	42
3	17
3	90
3	79
3	114
3	99
3	179
3	98
3	195
3	30
3	131
30	67
30	47
30	85
30	147
30	29
30	164
30	90
30	36
30	15
30	32
30	3
30	179
30	39
30	111
30	156
30	154
30	84
30	170
30	80
31	13
31	57
31	97
31	53
31	12
31	110
31	33
31	11
31	178
31	83
31	157
31	25
31	9
31	8
31	186
31	50
31	102
31	147
31	105
32	43
32	190
32	51
32	30
32	91
32	36
32	106
32	127
32	13
32	79
32	78
32	34
32	109
32	86
32	85
32	63
32	180
33	59
33	163
33	123
33	42
33	44
33	89
33	152
33	137
33	158
33	31
33	75
33	54
33	95
33	96
33	91
34	187
34	105
34	168
34	68
34	129
34	10
34	32
34	76
34	55
34	185
34	50
34	95
34	93
34	160
34	156
34	178
34	5
34	176
34	175
34	37
34	179
34	66
34	44
34	86
34	20
34	64
34	152
34	195
34	62
34	60
35	58
35	190
35	172
35	131
35	154
35	198
35	176
35	44
35	119
35	87
35	85
35	82
35	5
35	29
35	8
35	163
35	122
35	121
35	200
36	27
36	47
36	69
36	115
36	55
36	178
36	32
36	98
36	74
36	52
36	30
36	73
36	1
36	81
36	126
36	147
36	102
36	67
36	44
36	22
36	122
36	87
36	20
36	163
36	83
37	110
37	112
37	153
37	84
37	87
37	88
37	46
37	60
37	83
37	26
37	142
37	52
37	75
37	34
37	58
38	52
38	127
38	55
38	77
38	14
38	189
38	122
38	6
38	7
38	67
38	118
38	130
38	81
38	199
38	133
39	145
39	104
39	148
39	107
39	129
39	142
39	120
39	158
39	139
39	130
39	111
39	56
39	11
39	57
39	190
39	15
39	30
4	132
4	155
4	152
4	53
4	181
4	54
4	182
4	107
4	129
4	128
4	122
4	166
4	145
4	168
4	163
4	186
4	47
4	80
40	113
40	178
40	155
40	190
40	8
40	63
40	67
40	66
40	136
40	146
40	81
40	10
40	78
40	105
41	83
41	113
41	115
41	153
41	155
41	193
41	58
41	196
41	170
41	16
41	73
41	103
41	168
41	70
41	43
41	200
41	166
41	161
41	48
41	45
42	187
42	3
42	65
42	21
42	48
42	25
42	127
42	194
42	171
42	197
42	85
42	61
42	83
42	76
42	16
42	57
42	137
42	116
43	41
43	64
43	148
43	7
43	32
43	76
43	135
43	159
43	47
43	25
43	69
43	150
43	171
43	67
43	153
43	190
44	173
44	196
44	131
44	88
44	178
44	141
44	83
44	33
44	34
44	35
44	13
44	36
44	145
45	136
45	155
45	134
45	197
45	41
45	60
45	139
45	79
45	191
45	148
45	147
45	166
45	144
45	122
45	53
45	70
45	128
45	72
45	161
46	75
46	56
46	184
46	11
46	1
46	74
46	180
46	102
46	146
46	104
46	186
46	122
46	144
46	149
46	127
46	170
46	67
46	194
46	151
46	60
46	63
46	19
46	153
46	57
46	79
46	176
46	37
46	15
47	186
47	146
47	103
47	122
47	107
47	43
47	2
47	20
47	4
47	84
47	17
47	36
47	58
47	153
47	91
47	158
47	56
47	54
47	30
47	74
48	70
48	35
48	14
48	53
48	52
48	198
48	179
48	61
48	80
48	69
48	42
48	20
48	180
48	181
48	182
48	41
48	163
48	143
48	187
48	189
48	124
48	108
49	192
49	26
49	24
49	64
49	179
49	157
49	178
49	154
49	95
49	50
49	79
49	124
49	164
49	187
49	163
5	8
5	9
5	85
5	159
5	196
5	80
5	150
5	133
5	81
5	192
5	104
5	127
5	34
5	12
5	35
5	15
5	162
5	144
50	73
50	180
50	182
50	160
50	31
50	52
50	78
50	34
50	100
50	200
50	16
50	19
50	163
50	120
50	165
50	107
50	86
50	172
50	66
50	111
50	69
50	49
50	173
50	176
50	137
50	138
50	93
51	105
51	63
51	169
51	22
51	129
51	108
51	180
51	93
51	144
51	71
51	138
51	117
51	32
51	76
51	77
51	18
52	76
52	55
52	11
52	36
52	37
52	13
52	171
52	38
52	174
52	197
52	153
52	176
52	112
52	138
52	82
52	66
52	63
52	48
52	24
52	184
52	140
52	163
52	7
52	145
52	127
52	107
52	50
53	111
53	199
53	67
53	45
53	48
53	119
53	114
53	137
53	31
53	13
53	79
53	4
53	80
53	189
53	83
54	33
54	119
54	17
54	14
54	37
54	59
54	113
54	114
54	195
54	176
54	84
54	47
54	104
54	107
54	4
54	189
54	102
54	164
54	161
54	74
54	96
55	68
55	180
55	164
55	107
55	90
55	52
55	95
55	36
55	34
55	152
55	38
55	172
55	111
55	110
55	80
55	116
55	115
55	62
56	129
56	14
56	39
56	122
56	144
56	169
56	141
56	62
56	85
56	47
56	46
56	89
56	133
56	72
57	46
57	25
57	27
57	173
57	172
57	194
57	170
57	115
57	157
57	31
57	77
57	11
57	117
57	116
57	74
57	6
57	39
57	181
57	1
57	148
57	126
57	125
57	164
57	86
57	42
57	106
57	127
58	174
58	37
58	175
58	21
58	89
58	41
58	29
58	103
58	163
58	25
58	47
58	140
58	162
58	149
58	90
58	71
58	35
59	200
59	100
59	144
59	77
59	33
59	125
59	54
59	129
59	152
59	151
59	23
59	66
59	84
6	103
6	106
6	18
6	185
6	57
6	38
6	91
6	95
6	113
6	27
60	37
60	78
60	34
60	55
60	77
60	10
60	9
60	73
60	185
60	121
60	124
60	189
60	101
60	25
60	46
60	45
60	67
60	116
60	70
60	177
60	192
60	151
60	172
61	194
61	170
61	28
61	48
61	26
61	135
61	179
61	156
61	88
61	22
61	42
61	131
61	151
61	70
61	118
61	1
61	15
61	168
61	123
61	11
61	186
61	164
61	163
61	128
61	149
61	126
62	117
62	80
62	73
62	55
62	34
62	56
62	78
62	176
62	174
62	130
62	129
62	148
62	149
62	65
62	26
62	188
62	101
62	189
62	140
63	101
63	144
63	188
63	100
63	94
63	51
63	148
63	125
63	102
63	46
63	1
63	28
63	111
63	40
63	175
63	74
63	52
63	159
63	32
63	11
64	146
64	106
64	108
64	2
64	34
64	14
64	164
64	187
64	179
64	157
64	137
64	136
64	138
64	119
64	92
64	71
64	43
64	66
64	49
64	29
64	198
65	109
65	105
65	70
65	72
65	22
65	184
65	23
65	25
65	60
65	62
65	114
65	135
65	42
65	110
65	76
65	10
65	196
65	172
65	14
66	195
66	196
66	191
66	193
66	64
66	40
66	84
66	79
66	34
66	15
66	59
66	116
66	142
66	186
66	141
66	72
66	50
66	75
66	52
66	89
66	27
66	26
66	144
66	121
67	158
67	93
67	10
67	3
67	194
67	173
67	46
67	170
67	83
67	40
67	126
67	60
67	127
67	120
67	43
67	145
67	36
68	181
68	106
68	109
68	92
68	171
68	193
68	55
68	34
68	76
68	26
68	29
68	174
68	153
68	135
69	104
69	105
69	7
69	74
69	95
69	50
69	12
69	10
69	27
69	26
69	48
69	159
69	139
69	151
69	175
69	199
69	155
69	134
69	87
69	43
7	164
7	165
7	87
7	43
7	89
7	163
7	69
7	28
7	102
7	151
7	193
7	150
7	38
7	139
7	70
7	116
7	52
7	134
70	178
70	194
70	170
70	98
70	73
70	91
70	144
70	120
70	140
70	7
70	45
70	48
70	41
70	65
70	60
70	61
71	116
71	29
71	135
71	174
71	175
71	131
71	133
71	111
71	64
71	151
71	124
71	58
71	120
71	188
71	162
71	11
71	94
71	73
71	51
72	142
72	165
72	184
72	169
72	100
72	56
72	12
72	99
72	108
72	153
72	191
72	23
72	45
72	65
72	66
73	71
73	50
73	70
73	147
73	183
73	100
73	23
73	181
73	62
73	41
73	60
73	83
73	175
73	198
73	110
73	36
73	192
74	112
74	175
74	193
74	135
74	157
74	36
74	13
74	57
74	77
74	99
74	54
74	122
74	121
74	128
74	149
74	47
74	69
74	46
74	89
74	63
75	139
75	93
75	134
75	156
75	90
75	152
75	131
75	46
75	192
75	66
75	105
75	108
75	189
75	2
75	37
75	14
75	79
75	33
76	43
76	65
76	68
76	121
76	141
76	185
76	169
76	188
76	92
76	51
76	52
76	34
76	175
76	154
76	176
76	174
76	133
76	139
76	118
76	84
76	41
76	42
77	99
77	13
77	57
77	145
77	15
77	125
77	59
77	103
77	147
77	38
77	60
77	136
77	115
77	90
77	191
77	93
77	51
78	25
78	105
78	103
78	101
78	167
78	121
78	93
78	92
78	50
78	99
78	32
78	12
78	137
78	179
78	2
78	197
78	131
78	196
78	172
78	60
78	62
78	86
79	17
79	119
79	153
79	20
79	45
79	66
79	46
79	49
79	28
79	3
79	129
79	189
79	186
79	32
79	53
79	75
79	188
79	99
79	187
8	150
8	173
8	196
8	192
8	193
8	114
8	19
8	5
8	35
8	94
8	10
8	31
8	161
8	180
8	101
8	25
8	107
8	81
8	40
8	86
80	181
80	48
80	26
80	161
80	82
80	20
80	127
80	62
80	103
80	129
80	4
80	5
80	171
80	190
80	55
80	18
80	150
80	194
80	15
80	113
80	156
80	132
80	154
80	117
80	53
80	30
81	36
81	38
81	5
81	140
81	144
81	147
81	28
81	40
81	190
81	191
81	173
81	195
81	153
81	177
82	88
82	128
82	127
82	149
82	125
82	200
82	2
82	160
82	35
82	52
82	80
82	177
82	130
83	111
83	36
83	152
83	37
83	16
83	132
83	197
83	11
83	12
83	193
83	73
83	31
83	53
83	139
83	101
83	123
83	188
83	140
83	121
83	21
83	44
83	67
83	182
83	41
83	42
83	93
84	29
84	117
84	66
84	25
84	159
84	47
84	136
84	195
84	156
84	199
84	171
84	170
84	190
84	16
84	59
84	37
84	18
84	104
84	30
84	54
84	76
84	107
84	164
84	141
84	161
84	183
84	102
84	121
85	187
85	165
85	16
85	164
85	19
85	100
85	5
85	13
85	35
85	12
85	56
85	31
85	30
85	181
85	32
85	105
85	198
85	42
85	170
85	93
85	119
86	148
86	145
86	189
86	27
86	22
86	8
86	109
86	93
86	50
86	143
86	142
86	138
86	115
86	134
86	13
86	57
86	78
86	12
86	34
86	10
86	32
86	197
86	152
86	130
86	150
86	193
87	19
87	16
87	173
87	36
87	37
87	2
87	7
87	35
87	98
87	193
87	177
87	136
87	158
87	179
87	185
87	27
87	162
87	28
87	69
87	143
87	164
87	26
87	160
87	105
87	106
87	144
87	168
88	139
88	44
88	10
88	192
88	131
88	174
88	130
88	151
88	124
88	122
88	17
88	16
88	37
88	107
88	99
88	21
88	87
88	61
88	82
88	180
88	186
88	162
89	7
89	17
89	15
89	58
89	184
89	56
89	162
89	143
89	66
89	188
89	124
89	129
89	106
89	26
89	172
89	193
89	33
89	154
89	74
89	136
89	116
9	5
9	192
9	26
9	196
9	152
9	133
9	198
9	60
9	132
9	18
9	167
9	123
9	145
9	186
9	105
9	169
9	147
9	97
9	31
90	109
90	22
90	185
90	26
90	27
90	149
90	169
90	103
90	119
90	55
90	77
90	3
90	130
90	1
90	172
90	58
90	139
90	138
90	136
90	75
90	30
91	196
91	174
91	197
91	150
91	133
91	18
91	119
91	70
91	32
91	96
91	181
91	105
91	128
91	169
91	167
91	145
91	102
91	47
91	22
91	6
91	27
92	195
92	68
92	29
92	28
92	170
92	42
92	64
92	128
92	78
92	76
92	143
92	11
92	166
92	97
92	145
93	165
93	185
93	169
93	123
93	102
93	51
93	50
93	77
93	11
93	78
93	34
93	75
93	193
93	131
93	158
93	138
93	85
93	83
93	66
93	67
93	86
93	21
94	71
94	27
94	63
94	164
94	165
94	24
94	8
94	172
94	194
94	130
94	156
94	12
95	109
95	149
95	105
95	169
95	101
95	15
95	55
95	33
95	6
95	49
95	132
95	151
95	69
95	25
96	131
96	91
96	117
96	24
96	135
96	137
96	101
96	200
96	182
96	2
96	147
96	169
96	104
96	126
96	54
96	127
96	33
97	136
97	158
97	112
97	135
97	139
97	194
97	176
97	110
97	130
97	131
97	31
97	92
97	169
97	107
97	9
97	127
97	140
97	144
98	120
98	142
98	70
98	121
98	144
98	189
98	102
98	148
98	105
98	87
98	3
98	133
98	156
98	36
98	159
98	13
98	117
99	106
99	103
99	124
99	168
99	142
99	183
99	78
99	77
99	182
99	79
99	74
99	159
99	178
99	135
99	157
99	72
99	198
99	3
99	88
99	171
