1	1
10	7
100	9
101	4
102	3
103	4
104	6
105	4
106	3
108	5
109	4
11	9
110	3
111	2
112	7
113	5
114	3
115	4
116	6
117	4
118	6
119	6
12	5
120	2
121	3
122	2
123	5
124	7
125	7
126	6
127	1
128	2
129	3
13	6
130	4
131	5
132	3
133	5
134	4
135	3
136	6
137	6
138	9
139	1
14	5
140	4
141	8
142	8
143	2
144	5
145	7
146	5
147	5
148	8
149	5
15	2
151	3
152	6
153	12
154	5
155	6
156	2
157	5
158	2
159	6
16	4
160	6
161	2
162	2
163	9
164	4
165	4
166	3
167	9
168	6
169	3
17	9
170	6
171	7
172	2
173	4
174	11
175	7
176	3
177	4
178	4
179	6
18	4
180	4
181	8
182	6
183	8
184	2
185	3
186	3
187	4
188	6
189	5
19	4
190	4
191	6
192	7
193	8
194	7
195	2
196	5
197	4
198	2
199	1
2	5
20	1
200	2
21	6
22	5
23	7
24	2
25	6
26	3
27	4
28	6
29	8
3	6
30	6
31	3
32	2
33	7
34	2
35	8
36	3
37	4
38	4
39	5
4	6
40	7
41	7
42	3
43	2
44	8
45	2
46	4
47	4
48	4
49	5
5	5
50	2
51	7
52	4
53	6
54	4
55	9
56	3
57	4
58	6
59	3
6	5
60	5
61	9
62	4
63	8
64	3
65	6
66	6
67	8
68	7
69	5
7	3
70	8
71	5
72	4
73	6
74	6
75	7
76	11
77	7
78	7
79	7
8	3
80	6
81	4
82	4
83	12
84	3
85	7
86	6
87	5
88	7
89	4
9	5
90	4
91	4
92	7
93	6
94	11
95	5
96	7
97	6
98	5
99	3
