1	4
10	6
100	6
101	7
102	5
103	3
104	10
105	3
106	7
107	2
108	5
109	3
11	4
110	6
111	5
112	5
113	6
114	4
115	6
116	5
117	2
118	4
119	8
12	5
120	6
121	6
122	5
123	4
124	5
125	2
126	4
127	7
128	4
129	7
13	5
130	6
131	5
132	4
133	7
134	8
135	10
136	10
137	2
138	4
139	3
14	6
140	3
141	4
142	7
143	5
144	6
145	5
146	4
147	4
148	3
149	6
15	6
150	5
151	3
152	2
153	3
154	1
155	4
156	5
157	10
158	7
159	7
16	4
160	5
161	10
162	3
163	3
164	3
165	7
166	3
167	7
168	7
169	5
17	5
170	10
171	3
172	3
173	4
174	5
175	5
176	4
177	1
178	5
179	3
18	7
180	7
181	6
182	3
183	3
184	5
185	3
186	8
187	6
188	5
189	4
19	3
190	3
191	3
192	6
193	3
194	9
195	7
196	6
197	6
198	4
199	5
2	7
20	5
200	6
21	6
22	2
23	3
24	2
25	4
26	3
27	8
28	7
29	5
3	7
30	6
31	3
32	8
33	8
34	5
35	5
36	5
37	7
38	4
39	3
4	5
40	6
41	5
42	7
43	3
44	3
45	4
46	5
47	1
48	3
49	5
5	5
50	4
51	4
52	6
53	5
54	4
55	6
56	8
57	7
58	6
59	3
6	1
60	4
61	7
62	8
63	4
64	3
65	6
66	3
67	8
68	6
69	2
7	7
70	2
71	2
72	6
73	4
74	2
75	6
76	6
77	3
78	6
79	5
8	4
80	6
81	4
82	10
83	2
84	7
85	3
86	5
87	4
88	3
89	3
9	5
90	6
91	5
92	11
94	6
95	2
96	5
97	6
98	6
99	4
