1	14
2	17
3	19
4	19
5	18
6	10
7	18
8	20
9	19
10	31
11	25
12	16
13	28
14	22
15	25
16	26
17	14
18	24
19	12
20	21
21	19
22	25
23	14
24	15
25	29
26	23
27	24
28	23
29	21
30	19
31	21
32	17
33	16
34	30
35	20
36	26
37	16
38	16
39	18
40	14
41	22
42	20
43	16
44	14
45	19
46	28
47	20
48	23
49	16
50	27
51	16
52	27
53	16
54	21
55	19
56	14
57	27
58	17
59	13
60	24
61	26
62	19
63	20
64	22
65	19
66	25
67	22
68	14
69	21
70	16
71	20
72	15
73	18
74	20
75	19
76	24
77	18
78	24
79	20
80	28
81	15
82	15
83	26
84	28
85	22
86	26
87	29
88	22
89	22
90	21
91	22
92	17
93	22
94	14
95	15
96	17
97	19
98	18
99	20
100	22
101	19
102	25
103	20
104	18
105	28
106	18
107	26
108	13
109	21
110	17
111	21
112	14
113	17
114	14
115	24
116	21
117	22
118	20
119	17
120	23
121	23
122	22
123	17
124	21
125	18
126	16
127	24
128	26
129	12
130	19
131	23
132	18
133	16
134	19
135	21
136	21
137	20
138	24
139	17
140	11
141	19
142	11
143	19
144	29
145	26
146	22
147	22
148	18
149	18
150	16
151	25
152	21
153	17
154	15
155	12
156	21
157	21
158	19
159	18
160	18
161	15
162	19
163	24
164	25
165	16
166	12
167	18
168	20
169	21
170	22
171	22
172	19
173	17
174	27
175	20
176	18
177	22
178	25
179	22
180	22
181	22
182	14
183	19
184	18
185	20
186	19
187	25
188	13
189	22
190	19
191	16
192	27
193	27
194	23
195	19
196	22
197	15
198	24
199	15
200	17
